5
100 468 55 95929
193 683 824 432 143 118 375 524 326 650 44 190 549 610 468 195 973 689 637 639 246 665 499 493 788 201 936 822 877 359 985 367 416 122 198 537 983 889 80 735 174 372 375 78 122 428 173 935 51 642 751 656 879 904 442 219 729 382 56 674 913 746 58 100 526 461 536 833 418 876 655 673 719 376 687 325 898 661 710 302 439 895 620 653 492 863 247 685 276 10 642 590 147 147 568 362 748 784 277 789
100 445 76 63310
406 316 279 623 673 399 164 474 694 584 541 769 952 738 881 578 895 474 346 329 378 260 235 410 954 308 262 433 584 410 602 680 363 525 682 267 314 366 68 663 829 72 459 378 587 434 745 275 697 681 810 573 340 538 594 877 163 31 539 613 135 4 861 701 237 444 177 735 280 683 690 629 567 321 71 401 374 102 807 166 913 839 802 548 168 513 690 930 647 234 38 926 647 415 891 394 895 493 292 533
100 139 76 40347
896 601 584 793 963 20 175 154 113 417 509 607 522 869 672 573 312 936 703 416 776 778 376 809 257 838 677 258 333 524 65 992 127 450 848 652 797 773 332 925 22 921 775 644 507 590 209 156 375 427 535 31 273 224 845 783 394 867 503 198 317 537 449 691 163 721 658 995 784 54 789 617 919 217 46 659 273 191 804 784 335 955 58 397 816 713 570 778 99 274 481 135 700 268 471 157 262 50 926 790
100 9 85 32391
261 903 282 55 225 635 334 182 500 589 679 114 489 575 927 965 71 274 986 438 194 302 621 274 617 295 484 17 980 173 498 22 649 514 760 52 172 498 676 575 487 424 539 750 522 12 147 917 246 548 827 3 121 306 545 952 985 822 503 90 142 107 636 12 666 684 631 209 39 543 887 121 599 356 861 204 59 350 347 534 979 679 197 220 468 696 370 183 28 399 945 227 541 766 900 947 174 948 969 134
100 440 99 61596
149 767 654 696 491 29 618 800 670 175 635 4 326 495 638 845 173 647 195 191 653 939 843 986 575 626 906 394 494 483 393 328 792 156 194 438 818 879 526 177 280 474 780 733 628 140 756 143 627 718 841 54 261 515 603 171 561 935 579 887 25 208 527 380 844 299 82 58 989 929 11 89 829 558 732 986 991 591 548 622 164 788 44 918 293 825 796 846 132 264 883 276 305 646 189 503 883 903 287 988