100
5 4 5 2 1 2 5 2 2 4 3 3 5 1 4 2 3 1 3 5 2 5 4 1 5 1 5 2 4 5 5 4 4 1 1 1 5 4 1 2 1 3 4 1 1 1 4 4 3 2 2 3 1 4 3 5 1 4 5 1 2 2 4 2 2 5 1 1 2 1 5 5 5 5 2 1 5 3 5 2 2 5 3 4 2 4 5 1 1 5 4 5 5 5 4 3 1 1 5 4
108641770 492774694 870366116 919074277 581975439 980282469 457867892 960474455 681514638 508514154 767336313 4498438 266408854 448879507 351016315 334585585 418943779 673072575 765615223 355812660 308152268 17764460 967587991 382991066 616328177 277966966 580542102 288491845 227716737 67186854 17143680 630359282 971488854 775680947 201485594 103854703 403686661 670960904 119571669 134858916 593632875 402019414 434709272 406836324 718079794 819257514 616757971 411655534 315305931 512108548 233987752 938535594 960499742 939541249 761297415 789007738 632310803 650170493 604902123 29679890 576241050 706069955 837682555 689810480 580811901 190895475 896648624 524717180 729396893 701825088 364981452 151737556 287318496 927825638 850787426 819992199 842651351 544803257 928143671 55111183 848194506 196243100 785974726 290779318 283975932 377530015 557082693 510200360 660844463 111363083 418910761 787715026 169877148 201562414 647481425 198761469 100755233 3495485 489856193 227152981
100
2
2 3
38
1
3
76
2
1 2
89
4
2 3 4 5
158
1
4
10
4
1 2 4 5
58
3
1 4 5
237
5
1 2 3 4 5
62
1
5
1
4
2 3 4 5
142
1
1
87
2
3 5
13
5
1 2 3 4 5
180
2
3 4
91
4
1 2 4 5
372
1
4
76
2
2 4
147
4
1 2 3 4
168
4
1 2 4 5
259
1
1
10
1
5
98
1
5
65
4
1 2 3 5
356
1
3
10
1
1
36
5
1 2 3 4 5
392
1
1
54
5
1 2 3 4 5
116
4
1 2 3 4
39
2
3 4
70
3
1 2 4
248
4
1 2 4 5
58
2
2 4
152
2
1 4
44
1
4
99
3
1 2 3
9
2
3 4
75
2
3 5
177
2
2 3
1
3
1 4 5
6
5
1 2 3 4 5
124
1
1
16
1
4
67
3
1 2 5
167
2
3 4
192
3
2 3 4
162
3
1 3 5
215
1
2
91
1
3
43
3
2 3 5
103
3
2 4 5
271
2
1 3
157
5
1 2 3 4 5
188
3
3 4 5
246
5
1 2 3 4 5
215
4
1 2 3 4
152
2
1 5
98
4
1 2 3 5
152
1
5
28
1
4
83
1
5
98
4
1 3 4 5
140
4
2 3 4 5
314
5
1 2 3 4 5
200
3
2 4 5
279
5
1 2 3 4 5
251
3
1 4 5
281
1
1
1
1
4
36
1
5
94
1
4
37
2
4 5
54
1
3
1
3
1 3 4
129
1
4
1
5
1 2 3 4 5
472
4
1 3 4 5
365
5
1 2 3 4 5
262
5
1 2 3 4 5
58
3
1 3 5
200
5
1 2 3 4 5
425
1
2
10
2
1 3
121
2
3 4
141
4
1 2 4 5
330
3
3 4 5
281
5
1 2 3 4 5
374
1
5
10
1
1
75
5
1 2 3 4 5
349
1
4
39
1
4
78
3
2 4 5
46
1
2
1
4
2 3 4 5
28
1
3
90
4
1 2 4 5
148
4
1 3 4 5
396
5
1 2 3 4 5
51
3
1 4 5
222